### rows2 (grid 42x2)| Row Labels | Revenue| Automotive | | Retail | 25 102 648,00| Baby | | Retail | 24 701 616,00| Beauty | | Direct | 25 710 316,00| Books | | Direct | 25 627 621,00| Clothing | | Direct | 26 186 444,00| Electronics | | Wholesale | 24 719 896,00| Food | 
### rows2_terr (grid 62x2)| Row Labels | Revenue| Automotive | | East | 12 796 064,00| Southeast | 12 306 584,00| Baby | | East | 12 165 424,00| Southeast | 12 536 192,00| Beauty | | Central | 12 842 844,00| North | 12 867 472,00| Books | | Central | 12 812 845,00| North | 12 814 776,00| Clothing | 
### cols1 (grid 23x9)| Revenue | Column Labels |  |  |  |  |  |  | | Row Labels | 2020 | 2021 | 2022 | 2023 | 2024 | 2025 | 2026 | Grand Total| Automotive | 3 658 112,00 | 4 310 668,00 | 3 828 224,00 | 3 973 692,00 | 2 973 080,00 | 4 058 800,00 | 2 300 072,00 | 25 102 648,00| Baby | 3 649 328,00 | 3 887 040,00 | 3 743 016,00 | 3 640 920,00 | 3 320 040,00 | 3 564 664,00 | 2 896 608,00 | 24 701 616,00| Beauty | 4 065 484,00 | 4 140 308,00 | 3 630 360,00 | 3 361 344,00 | 3 921 388,00 | 3 844 288,00 | 2 747 144,00 | 25 710 316,00| Books | 4 049 837,00 | 4 209 896,00 | 3 926 320,00 | 4 162 008,00 | 3 454 560,00 | 3 405 552,00 | 2 419 448,00 | 25 627 621,00| Clothing | 4 387 856,00 | 3 745 260,00 | 3 537 744,00 | 4 214 744,00 | 3 755 136,00 | 3 942 072,00 | 2 603 632,00 | 26 186 444,00| Electronics | 3 941 592,00 | 4 097 240,00 | 3 178 824,00 | 4 017 008,00 | 3 667 440,00 | 3 065 448,00 | 2 752 344,00 | 24 719 896,00| Food | 4 028 864,00 | 4 033 400,00 | 3 625 032,00 | 3 537 808,00 | 3 978 672,00 | 3 946 816,00 | 3 286 664,00 | 26 437 256,00| Furniture | 4 069 648,00 | 4 532 240,00 | 4 760 248,00 | 3 997 520,00 | 3 811 928,00 | 3 913 312,00 | 3 417 264,00 | 28 502 160,00| Garden | 3 869 920,00 | 4 047 728,00 | 4 234 496,00 | 3 994 688,00 | 3 654 880,00 | 4 192 384,00 | 2 814 928,00 | 26 809 024,00| Health | 3 609 872,00 | 4 126 008,00 | 3 963 944,00 | 4 595 016,00 | 3 905 684,00 | 3 590 680,00 | 3 068 368,00 | 26 859 572,00| Home | 3 844 712,00 | 3 415 360,00 | 4 407 424,00 | 3 609 950,00 | 3 925 128,00 | 3 913 390,00 | 3 126 144,00 | 26 242 108,00| Jewelry | 4 023 568,00 | 4 455 920,00 | 3 645 288,00 | 3 887 760,00 | 4 235 056,00 | 4 323 456,00 | 2 671 464,00 | 27 242 512,00
### cols2 (grid 24x30)| Revenue | Column Labels |  |  |  |  |  |  | |  | 2020 |  |  |  | 2021 |  |  | | Row Labels | Direct | Online | Retail | Wholesale | Direct | Online | Retail | Wholesale| Automotive |  |  | 3 658 112,00 |  |  |  | 4 310 668,00 | | Baby |  |  | 3 649 328,00 |  |  |  | 3 887 040,00 | | Beauty | 4 065 484,00 |  |  |  | 4 140 308,00 |  |  | | Books | 4 049 837,00 |  |  |  | 4 209 896,00 |  |  | | Clothing | 4 387 856,00 |  |  |  | 3 745 260,00 |  |  | | Electronics |  |  |  | 3 941 592,00 |  |  |  | 4 097 240,00| Food |  | 4 028 864,00 |  |  |  | 4 033 400,00 |  | | Furniture |  |  | 4 069 648,00 |  |  |  | 4 532 240,00 | | Garden |  | 3 869 920,00 |  |  |  | 4 047 728,00 |  | | Health |  |  |  | 3 609 872,00 |  |  |  | 4 126 008,00| Home |  | 3 844 712,00 |  |  |  | 3 415 360,00 |  | 
### data2 (grid 22x3)| Row Labels | Revenue | Units| Automotive | 25 102 648,00 | 232 966,00| Baby | 24 701 616,00 | 251 168,00| Beauty | 25 710 316,00 | 248 992,00| Books | 25 627 621,00 | 246 580,00| Clothing | 26 186 444,00 | 241 632,00| Electronics | 24 719 896,00 | 231 404,00| Food | 26 437 256,00 | 257 240,00| Furniture | 28 502 160,00 | 278 172,00| Garden | 26 809 024,00 | 249 238,00| Health | 26 859 572,00 | 251 228,00| Home | 26 242 108,00 | 244 949,00| Jewelry | 27 242 512,00 | 247 796,00| Music | 25 749 112,00 | 237 336,00
### rows2_cols1 (grid 43x9)| Revenue | Column Labels |  |  |  |  |  |  | | Row Labels | 2020 | 2021 | 2022 | 2023 | 2024 | 2025 | 2026 | Grand Total| Automotive |  |  |  |  |  |  |  | | Retail | 3 658 112,00 | 4 310 668,00 | 3 828 224,00 | 3 973 692,00 | 2 973 080,00 | 4 058 800,00 | 2 300 072,00 | 25 102 648,00| Baby |  |  |  |  |  |  |  | | Retail | 3 649 328,00 | 3 887 040,00 | 3 743 016,00 | 3 640 920,00 | 3 320 040,00 | 3 564 664,00 | 2 896 608,00 | 24 701 616,00| Beauty |  |  |  |  |  |  |  | | Direct | 4 065 484,00 | 4 140 308,00 | 3 630 360,00 | 3 361 344,00 | 3 921 388,00 | 3 844 288,00 | 2 747 144,00 | 25 710 316,00| Books |  |  |  |  |  |  |  | | Direct | 4 049 837,00 | 4 209 896,00 | 3 926 320,00 | 4 162 008,00 | 3 454 560,00 | 3 405 552,00 | 2 419 448,00 | 25 627 621,00| Clothing |  |  |  |  |  |  |  | | Direct | 4 387 856,00 | 3 745 260,00 | 3 537 744,00 | 4 214 744,00 | 3 755 136,00 | 3 942 072,00 | 2 603 632,00 | 26 186 444,00| Electronics |  |  |  |  |  |  |  | | Wholesale | 3 941 592,00 | 4 097 240,00 | 3 178 824,00 | 4 017 008,00 | 3 667 440,00 | 3 065 448,00 | 2 752 344,00 | 24 719 896,00
### rows2_cols1_data2 (grid 44x17)|  | Column Labels |  |  |  |  |  |  | |  | 2020 |  | 2021 |  | 2022 |  | 2023 | | Row Labels | Revenue | Units | Revenue | Units | Revenue | Units | Revenue | Units| Automotive |  |  |  |  |  |  |  | | Retail | 3 658 112,00 | 31 716,00 | 4 310 668,00 | 38 368,00 | 3 828 224,00 | 35 148,00 | 3 973 692,00 | 38 868,00| Baby |  |  |  |  |  |  |  | | Retail | 3 649 328,00 | 38 908,00 | 3 887 040,00 | 38 416,00 | 3 743 016,00 | 39 244,00 | 3 640 920,00 | 38 716,00| Beauty |  |  |  |  |  |  |  | | Direct | 4 065 484,00 | 38 064,00 | 4 140 308,00 | 40 840,00 | 3 630 360,00 | 34 300,00 | 3 361 344,00 | 32 716,00| Books |  |  |  |  |  |  |  | | Direct | 4 049 837,00 | 36 820,00 | 4 209 896,00 | 43 000,00 | 3 926 320,00 | 37 168,00 | 4 162 008,00 | 41 528,00| Clothing |  |  |  |  |  |  |  | | Direct | 4 387 856,00 | 42 684,00 | 3 745 260,00 | 37 288,00 | 3 537 744,00 | 34 360,00 | 4 214 744,00 | 34 184,00| Electronics |  |  |  |  |  |  |  | 
### page_terr (grid 24x2)| Territory | All|  | | Row Labels | Revenue| Automotive | 25 102 648,00| Baby | 24 701 616,00| Beauty | 25 710 316,00| Books | 25 627 621,00| Clothing | 26 186 444,00| Electronics | 24 719 896,00| Food | 26 437 256,00| Furniture | 28 502 160,00| Garden | 26 809 024,00| Health | 26 859 572,00| Home | 26 242 108,00
### totals_off (grid 42x8)| Revenue | Column Labels |  |  |  |  |  | | Row Labels | 2020 | 2021 | 2022 | 2023 | 2024 | 2025 | 2026| Automotive |  |  |  |  |  |  | | Retail | 3 658 112,00 | 4 310 668,00 | 3 828 224,00 | 3 973 692,00 | 2 973 080,00 | 4 058 800,00 | 2 300 072,00| Baby |  |  |  |  |  |  | | Retail | 3 649 328,00 | 3 887 040,00 | 3 743 016,00 | 3 640 920,00 | 3 320 040,00 | 3 564 664,00 | 2 896 608,00| Beauty |  |  |  |  |  |  | | Direct | 4 065 484,00 | 4 140 308,00 | 3 630 360,00 | 3 361 344,00 | 3 921 388,00 | 3 844 288,00 | 2 747 144,00| Books |  |  |  |  |  |  | | Direct | 4 049 837,00 | 4 209 896,00 | 3 926 320,00 | 4 162 008,00 | 3 454 560,00 | 3 405 552,00 | 2 419 448,00| Clothing |  |  |  |  |  |  | | Direct | 4 387 856,00 | 3 745 260,00 | 3 537 744,00 | 4 214 744,00 | 3 755 136,00 | 3 942 072,00 | 2 603 632,00| Electronics |  |  |  |  |  |  | | Wholesale | 3 941 592,00 | 4 097 240,00 | 3 178 824,00 | 4 017 008,00 | 3 667 440,00 | 3 065 448,00 | 2 752 344,00
### sort_value (grid 22x2)| Row Labels | Revenue| Automotive | 25 102 648,00| Baby | 24 701 616,00| Beauty | 25 710 316,00| Books | 25 627 621,00| Clothing | 26 186 444,00| Electronics | 24 719 896,00| Food | 26 437 256,00| Furniture | 28 502 160,00| Garden | 26 809 024,00| Health | 26 859 572,00| Home | 26 242 108,00| Jewelry | 27 242 512,00| Music | 25 749 112,00
### top5 [top ERR] (grid 22x2)| Row Labels | Revenue| Automotive | 25 102 648,00| Baby | 24 701 616,00| Beauty | 25 710 316,00| Books | 25 627 621,00| Clothing | 26 186 444,00| Electronics | 24 719 896,00| Food | 26 437 256,00| Furniture | 28 502 160,00| Garden | 26 809 024,00| Health | 26 859 572,00| Home | 26 242 108,00| Jewelry | 27 242 512,00| Music | 25 749 112,00
### meas_on_rows ERROR: Value does not fall within the expected range.
### crosstab (grid 23x6)| Revenue | Column Labels |  |  |  | | Row Labels | Direct | Online | Retail | Wholesale | Grand Total| Automotive |  |  | 25 102 648,00 |  | 25 102 648,00| Baby |  |  | 24 701 616,00 |  | 24 701 616,00| Beauty | 25 710 316,00 |  |  |  | 25 710 316,00| Books | 25 627 621,00 |  |  |  | 25 627 621,00| Clothing | 26 186 444,00 |  |  |  | 26 186 444,00| Electronics |  |  |  | 24 719 896,00 | 24 719 896,00| Food |  | 26 437 256,00 |  |  | 26 437 256,00| Furniture |  |  | 28 502 160,00 |  | 28 502 160,00| Garden |  | 26 809 024,00 |  |  | 26 809 024,00| Health |  |  |  | 26 859 572,00 | 26 859 572,00| Home |  | 26 242 108,00 |  |  | 26 242 108,00| Jewelry | 27 242 512,00 |  |  |  | 27 242 512,00
